   68.0000   10.4861    0.1114
   67.0000   10.5625    0.1091
   67.0000   10.6250    0.0988
   62.0000   10.4236    0.1134
   65.0000   10.5208    0.1032
   47.0000   10.1111    0.0961
   67.0000   10.4792    0.1034
   46.0000   10.1181    0.1063
   47.0000   10.1736    0.0978
   72.0000   10.5694    0.1063
    1.0000    6.0278    0.1517
    1.0000    7.1875    0.1151
   74.0000   10.6042    0.1091
         0    6.9028    0.1228
   37.0000    9.3958    0.1328
   71.0000   10.6319    0.1041
   63.0000   10.3125    0.1098
   39.0000    9.7708    0.1195
   47.0000   10.0694    0.1057
   71.0000   10.6597    0.1023
   72.0000   10.6111    0.1113
         0    5.0972    0.1065
   47.0000   10.1319    0.1142
         0    6.8681    0.1200
   70.0000   10.5764    0.1113
   41.0000    9.2639    0.1243
   70.0000   10.6319    0.1050
         0    6.0764    0.0937
    1.0000    8.6875    0.1094
   83.0000   10.7778    0.1022
         0    5.7569    0.1500
   73.0000   10.6944    0.1030
   62.0000   10.3611    0.1092
         0    6.3889    0.1127
   80.0000   10.8403    0.0874
   58.0000    9.9306    0.1463
   68.0000   10.5694    0.1114
   65.0000   10.4792    0.1051
   67.0000   10.6250    0.1136
   68.0000   10.4653    0.1039
   72.0000   10.3611    0.1152
   23.0000    7.9028    0.1207
   59.0000   10.2083    0.1146
   76.0000   10.7500    0.0997
   66.0000   10.5139    0.1051
   55.0000    9.9583    0.1175
   46.0000   10.0417    0.1075
   51.0000   10.1319    0.1049
   37.0000    9.0208    0.1322
   65.0000    9.8611    0.1235
   18.0000    9.2778    0.1234
   53.0000   10.2153    0.1193
  102.0000   10.9861    0.1093
   82.0000   10.5625    0.1206
   70.0000    9.9236    0.1180
   45.0000    9.7153    0.1155
   33.0000    8.4931    0.1470
   46.0000    9.8681    0.1351
   82.0000   10.3958    0.1059
   55.0000    9.8542    0.1167
   39.0000    9.6875    0.1110
   67.0000   10.2083    0.1198
   45.0000    9.9028    0.1100
   86.0000   10.8819    0.0988
   73.0000   10.6389    0.1047
   16.0000    8.1806    0.1412
   47.0000   10.1250    0.1272
   64.0000   10.2569    0.1146
   53.0000    9.4306    0.1306
   68.0000   10.5833    0.1056
   68.0000   10.6181    0.0996
   25.0000    7.9167    0.1499
   74.0000   10.4028    0.1185
   70.0000   10.4306    0.1179
   60.0000   10.2014    0.1173
   72.0000   10.6250    0.1008
   63.0000   10.3819    0.1211
   65.0000   10.5208    0.1032
   63.0000   10.4514    0.1131
   68.0000   10.4861    0.1114
   68.0000   10.5694    0.1049
   62.0000   10.4236    0.1134
   62.0000   10.3472    0.1073
   67.0000   10.6250    0.0988
   68.0000   10.5972    0.1012
   67.0000   10.5625    0.1091
   73.0000   10.6597    0.1037
   50.0000   10.2917    0.0979
   46.0000   10.1181    0.1063
   67.0000   10.4792    0.1034
   47.0000   10.1111    0.0961
   50.0000   10.0069    0.1340
   47.0000   10.1736    0.0978
   45.0000   10.1250    0.0977
   74.0000   10.6042    0.1091
    1.0000    7.1875    0.1151
    2.0000    5.9931    0.1562
   72.0000   10.5694    0.1063
   71.0000   10.6597    0.1023
   47.0000   10.0694    0.1057
   39.0000    9.7708    0.1195
   63.0000   10.3125    0.1098
   71.0000   10.6319    0.1041
   37.0000    9.3958    0.1328
    9.0000    9.1944    0.0859
    7.0000    8.7917    0.1096
    9.0000    9.0972    0.1019
    7.0000    9.1806    0.1009
    8.0000    8.9514    0.0972
    9.0000    9.0347    0.1048
    6.0000    8.0139    0.1268
    9.0000    9.0764    0.1112
    7.0000    8.6597    0.1129
    2.0000    8.5764    0.1174
    9.0000    9.1458    0.1071
   36.0000    9.7500    0.1206
   47.0000    9.7431    0.1261
   36.0000    9.7708    0.1107
   70.0000   10.6667    0.1030
    3.0000    5.8889    0.1554
    5.0000    7.9306    0.1289
    1.0000    9.1667    0.0993
   65.0000   10.2639    0.1275
   49.0000    9.7083    0.1235
   53.0000    9.6528    0.1271
   42.0000    9.9931    0.1007
   60.0000   10.3611    0.1050
   45.0000   10.2014    0.1016
   69.0000   10.2431    0.1231
   71.0000   10.5347    0.1081
   51.0000   10.2083    0.1070
   42.0000    9.9028    0.1132
   58.0000   10.2986    0.1098
   36.0000    9.7014    0.1083
   67.0000   10.3889    0.1112
   63.0000   10.4583    0.1234
   40.0000    9.7778    0.1066
   50.0000   10.2292    0.1038