-0.46604 -0.59767 -0.23389
-0.23999 -0.59767 -0.23389
-0.013929 -0.59767 -0.23389
0.21213 -0.59767 -0.23389
0.43819 -0.59767 -0.23389
-0.46604 -0.33556 -0.23389
-0.23999 -0.33556 -0.23389
-0.013929 -0.33556 -0.23389
0.21213 -0.33556 -0.23389
0.43819 -0.33556 -0.23389
-0.46604 -0.073452 -0.23389
-0.23999 -0.073452 -0.23389
-0.013929 -0.073452 -0.23389
0.21213 -0.073452 -0.23389
0.43819 -0.073452 -0.23389
-0.46604 0.18866 -0.23389
-0.23999 0.18866 -0.23389
-0.013929 0.18866 -0.23389
0.21213 0.18866 -0.23389
0.43819 0.18866 -0.23389
-0.46604 0.45077 -0.23389
-0.23999 0.45077 -0.23389
-0.013929 0.45077 -0.23389
0.21213 0.45077 -0.23389
0.43819 0.45077 -0.23389
-0.46604 -0.59767 -0.1151
-0.23999 -0.59767 -0.1151
-0.013929 -0.59767 -0.1151
0.21213 -0.59767 -0.1151
0.43819 -0.59767 -0.1151
-0.46604 -0.33556 -0.1151
-0.23999 -0.33556 -0.1151
-0.013929 -0.33556 -0.1151
0.21213 -0.33556 -0.1151
0.43819 -0.33556 -0.1151
-0.46604 -0.073452 -0.1151
-0.23999 -0.073452 -0.1151
-0.013929 -0.073452 -0.1151
0.21213 -0.073452 -0.1151
0.43819 -0.073452 -0.1151
-0.46604 0.18866 -0.1151
-0.23999 0.18866 -0.1151
-0.013929 0.18866 -0.1151
0.21213 0.18866 -0.1151
0.43819 0.18866 -0.1151
-0.46604 0.45077 -0.1151
-0.23999 0.45077 -0.1151
-0.013929 0.45077 -0.1151
0.21213 0.45077 -0.1151
0.43819 0.45077 -0.1151
-0.46604 -0.59767 0.003679
-0.23999 -0.59767 0.003679
-0.013929 -0.59767 0.003679
0.21213 -0.59767 0.003679
0.43819 -0.59767 0.003679
-0.46604 -0.33556 0.003679
-0.23999 -0.33556 0.003679
-0.013929 -0.33556 0.003679
0.21213 -0.33556 0.003679
0.43819 -0.33556 0.003679
-0.46604 -0.073452 0.003679
-0.23999 -0.073452 0.003679
-0.013929 -0.073452 0.003679
0.21213 -0.073452 0.003679
0.43819 -0.073452 0.003679
-0.46604 0.18866 0.003679
-0.23999 0.18866 0.003679
-0.013929 0.18866 0.003679
0.21213 0.18866 0.003679
0.43819 0.18866 0.003679
-0.46604 0.45077 0.003679
-0.23999 0.45077 0.003679
-0.013929 0.45077 0.003679
0.21213 0.45077 0.003679
0.43819 0.45077 0.003679
-0.46604 -0.59767 0.12246
-0.23999 -0.59767 0.12246
-0.013929 -0.59767 0.12246
0.21213 -0.59767 0.12246
0.43819 -0.59767 0.12246
-0.46604 -0.33556 0.12246
-0.23999 -0.33556 0.12246
-0.013929 -0.33556 0.12246
0.21213 -0.33556 0.12246
0.43819 -0.33556 0.12246
-0.46604 -0.073452 0.12246
-0.23999 -0.073452 0.12246
-0.013929 -0.073452 0.12246
0.21213 -0.073452 0.12246
0.43819 -0.073452 0.12246
-0.46604 0.18866 0.12246
-0.23999 0.18866 0.12246
-0.013929 0.18866 0.12246
0.21213 0.18866 0.12246
0.43819 0.18866 0.12246
-0.46604 0.45077 0.12246
-0.23999 0.45077 0.12246
-0.013929 0.45077 0.12246
0.21213 0.45077 0.12246
0.43819 0.45077 0.12246
-0.46604 -0.59767 0.24125
-0.23999 -0.59767 0.24125
-0.013929 -0.59767 0.24125
0.21213 -0.59767 0.24125
0.43819 -0.59767 0.24125
-0.46604 -0.33556 0.24125
-0.23999 -0.33556 0.24125
-0.013929 -0.33556 0.24125
0.21213 -0.33556 0.24125
0.43819 -0.33556 0.24125
-0.46604 -0.073452 0.24125
-0.23999 -0.073452 0.24125
-0.013929 -0.073452 0.24125
0.21213 -0.073452 0.24125
0.43819 -0.073452 0.24125
-0.46604 0.18866 0.24125
-0.23999 0.18866 0.24125
-0.013929 0.18866 0.24125
0.21213 0.18866 0.24125
0.43819 0.18866 0.24125
-0.46604 0.45077 0.24125
-0.23999 0.45077 0.24125
-0.013929 0.45077 0.24125
0.21213 0.45077 0.24125
0.43819 0.45077 0.24125
