1.80636 3.92678 4.01481 
-18.7844 4.12308 -5.88864 
41.2604 -31.7056 2.75541 
-51.5527 61.5138 29.4987 
23.4602 -24.2799 -18.6566 
19.389 -34.6678 -14.4906 
-13.9349 50.5885 20.3842 
-61.2823 53.9141 32.3721 
96.7225 -155.739 -43.8389 
-48.0809 76.1489 27.9573 
-32.8827 55.4724 17.3189 
27.6588 -67.6279 -17.842 
96.3913 -77.698 -23.6828 
-148.018 176.444 55.4231 
68.1591 -98.1313 -35.4441 
41.4038 -55.6133 -18.0551 
-64.2922 87.8967 26.7339 
-27.6308 22.1918 22.2959 
87.7928 -118.709 -40.1688 
-46.6458 69.8374 25.0177 
-4.57019 5.29609 1.16147 
-14.5251 21.6492 7.15411 
66.1326 -90.7247 -31.8453 
-75.5701 103.574 33.6863 
29.7532 -42.2251 -14.3461 
-3.74197 -16.5878 -13.4473 
55.4381 -5.44365 18.2879 
-137.777 103.933 12.4329 
168.482 -189.117 -102.614 
-58.2538 70.5277 45.4318 
-75.0084 130.737 46.1736 
73.1279 -186.786 -90.8793 
189.488 -173.382 -92.4531 
-344.075 488.891 154.894 
164.864 -231.56 -92.771 
133.899 -217.187 -63.3724 
-156.322 296.552 95.2314 
-274.664 258.325 67.5685 
508.758 -640.701 -230.049 
-242.989 346.714 136.09 
-164.226 216.9 70.6774 
296.265 -376.86 -129.951 
10.7445 -33.2582 -32.0252 
-283.476 416.261 145.429 
163.609 -245.488 -90.7378 
19.2704 -22.4203 -5.80912 
44.6532 -65.8313 -22.3821 
-229.049 319.324 108.358 
270.8 -375.431 -125.804 
-108.08 152.383 52.6395 
-9.92671 43.7553 27.0064 
-11.6573 -83.4921 -64.2201 
75.4616 18.3374 48.0018 
-121.488 96.3473 62.228 
16.5423 -28.8497 -16.5569 
126.259 -207.742 -68.3218 
-176.043 337.212 159.215 
-127.824 101.037 66.0593 
384.514 -541.325 -178.461 
-186.366 265.083 107.612 
-223.171 338.699 102.786 
325.041 -536.528 -181.229 
234.526 -200.499 -38.1086 
-620.396 805.28 302.473 
307.818 -449.199 -171.747 
258.003 -332.912 -105.437 
-501.337 628.37 209.382 
109.894 -89.9192 -15.078 
327.177 -504.421 -184.42 
-206.998 316.832 116.597 
-33.5632 37.55 7.47255 
-46.6177 75.8988 30.8419 
301.539 -420.49 -139.984 
-367.389 513.203 173.165 
147.359 -208.179 -71.4408 
18.6568 -46.1321 -24.6166 
-44.3797 136.601 68.5376 
37.2814 -157.707 -74.7961 
9.26166 64.2957 0.270601 
22.3999 -30.1804 -7.06009 
-88.9663 146.543 51.0794 
136.318 -274.037 -121.677 
37.4364 47.5716 -3.39446 
-235.065 275.295 92.4763 
115.561 -152.024 -57.4383 
167.459 -233.687 -75.9176 
-283.437 404.528 141.704 
-55.2352 30.5346 -5.75148 
356.83 -478.497 -178.395 
-188.267 279.689 95.1043 
-184.84 235.231 71.7981 
375.219 -472.432 -152.797 
-146.003 161.374 46.4274 
-170.304 277.264 104.213 
122.689 -195.238 -66.0276 
26.3793 -29.8429 -3.43783 
16.8872 -33.6106 -13.8055 
-179.749 241.437 76.3458 
228.505 -320.765 -107.015 
-93.0751 133.747 44.2347 
-4.69201 6.108 4.05506 
14.1907 -12.8467 -6.12207 
-13.1799 0.473138 -4.05574 
-3.31188 18.8618 23.4592 
-5.77781 -1.99067 -8.33042 
25.6758 -35.1717 -15.6805 
-48.3914 64.0676 35.7915 
9.82575 -2.28373 -5.87805 
59.4911 -90.8767 -24.9665 
-32.8624 47.5123 16.9809 
-45.3001 63.2944 19.9581 
89.1965 -113.073 -41.9772 
-9.92912 7.89046 10.2465 
-84.1722 119.476 41.7388 
48.2155 -68.5848 -23.0767 
52.1022 -63.2232 -17.1884 
-110.407 129.813 42.6343 
57.1528 -59.1658 -20.6242 
34.7004 -61.6579 -22.7776 
-29.9766 45.8377 15.011 
-8.33833 6.79721 -2.21852 
0.614508 9.2738 4.62235 
41.3161 -55.0694 -16.928 
-56.4011 77.1052 25.0916 
23.4964 -32.2832 -10.2012 
