0.0427175 -0.0190148 0.008452 
-0.0006486 -0.00619673 -0.00517016 
0.00187711 -0.000480477 0.00348438 
-0.000309804 2.97509e-005 0.000163415 
-0.00608252 0.0029396 0.00010721 
0.015556 -0.00877781 0.00659439 
-0.00298215 -0.00424364 -0.00217975 
0.00204896 -5.77735e-005 0.00275012 
0.0016548 -0.0012662 0.00213847 
-0.00157161 0.00106872 0.00191133 
0.0177812 -0.00946 0.00736816 
-0.00661842 0.00115092 0.00533096 
0.00462989 0.000408969 -0.000515084 
-0.0013374 0.000240571 -0.00693973 
-0.00800884 0.0033487 -0.013259 
0.0139453 -0.00795953 0.00537615 
-0.0220846 -0.00354375 0.020755 
0.00115831 -0.00445716 0.00742967 
-0.000885062 -0.00507771 0.00489946 
-0.00221428 -0.0033242 0.002198 
0.0266081 -0.0247984 0.0194955 
-0.00458281 0.00198461 -0.00521344 
-0.00531772 0.00410184 -0.00574598 
-0.0199748 0.0183929 -0.0190957 
-0.0155607 0.0119482 -0.0111078 
0.00854246 -0.00361571 -0.00306171 
0.0124549 -0.0163611 -0.0303627 
0.000514975 0.000870255 -0.00106092 
-0.00508616 0.00515261 -0.00622789 
-0.0112982 0.00761178 -0.00621918 
-0.00376251 0.00153804 -0.00257443 
0.00652185 -0.00924275 -0.0199441 
0.000491089 0.000804882 -0.00211195 
-0.000104122 -0.000648473 -0.00264888 
-0.00593065 0.00261047 -0.00348486 
-0.000236875 0.000322265 -0.00302537 
0.000756737 0.00185619 -0.00590142 
0.00535761 0.00207537 -0.00539854 
-0.00049849 0.00149997 -0.0079054 
-0.0152588 0.00562041 -0.0141094 
-0.0302403 0.00496227 -0.016331 
-0.00882357 0.000653893 -0.00116413 
0.00505408 0.0010076 -0.00602678 
-0.00116888 0.00100424 -0.00573923 
-0.00839908 0.0051612 -0.00856505 
-0.00241314 -0.00386459 -0.00434172 
-0.00410073 0.00201775 -0.00410686 
-0.00326891 0.00267658 0.00685914 
-0.0147407 0.0113571 0.0193382 
-0.00863029 0.00659288 -0.0021879 
0.0114478 -0.00483407 -0.00167691 
0.00696066 -0.00971814 -0.0138592 
0.00133318 0.000491549 0.00325347 
-0.0045298 0.00482851 0.00895853 
-0.00673152 0.0047977 0.00179439 
1.12314e-005 -0.000256783 0.000430535 
0.00349462 -0.00638556 -0.0101338 
0.000254009 0.000359868 0.000267511 
0.000867019 -0.00165233 -0.000926227 
-0.00438079 0.00071728 -0.0015367 
0.00160618 -0.00142376 -0.00148459 
0.00133529 0.00174853 -0.00272712 
0.0123836 0.00419567 -0.00235352 
0.0065373 0.00187825 -0.00124681 
-0.0194415 0.004106 -0.00654456 
-0.0290391 0.00359234 -0.0109808 
-0.00795355 0.000529207 0.00087394 
0.0544099 0.0206444 -0.00888776 
0.0165661 0.00620552 -0.000767003 
-0.00550968 0.00255905 -0.000682796 
-0.000460545 -0.0049601 -2.75322e-005 
-0.00334966 0.00227135 -0.00227115 
0.000702656 0.000408777 0.0146159 
-0.00895289 0.00400173 0.0440989 
-0.00670401 0.00352767 0.0041849 
0.0100131 -0.00385504 0.000179892 
0.00786657 -0.0103617 0.00662268 
0.00379057 -0.000756219 0.00615468 
-0.0011313 0.00121877 0.00902101 
-0.00622362 0.00352615 0.00597116 
-0.00126575 0.000720062 0.00362377 
0.0108262 -0.0151614 0.0102659 
0.00300333 -0.000595784 0.00248683 
0.00116699 -0.0010104 0.000671622 
-0.00295221 0.00169263 0.0016137 
0.00288965 -0.000662502 0.00109945 
0.00340207 0.0018945 -0.000546167 
0.0145149 0.00418151 0.000304864 
0.00852932 0.00288279 0.00115462 
-0.0102408 0.00630303 0.00444806 
-0.0172645 0.00837888 0.0107367 
-0.00665175 0.000352798 0.00219604 
0.043526 0.0153037 -0.00135062 
0.0291865 0.0120463 0.0020597 
-0.00810533 0.00522713 0.0046848 
-0.00512339 -0.000254423 0.0104232 
-0.0154969 0.00739298 -0.0182671 
0.00226977 0.000593216 -0.00728879 
0.00271302 -0.000303781 -0.0081503 
0.00104864 0.000605786 -0.00828805 
0.0332249 -0.014175 -0.0180614 
0.00187502 -0.0152869 0.00763563 
0.00329186 -0.00203056 0.00088896 
-0.000583486 9.73928e-006 -0.00142897 
-0.00558427 0.00258861 -0.00021857 
0.011062 -0.00625036 -0.00628214 
0.012298 -0.0317217 0.0211265 
0.00273405 -0.00178361 -0.00075918 
-1.71459e-005 -0.00030509 -0.0031319 
-0.00213423 0.00154161 -0.00224462 
0.0139123 -0.00752198 -0.00745417 
-0.0117392 0.00371708 -0.00693355 
0.00532413 0.0017708 -0.00334235 
0.00242169 0.00129411 -0.00297287 
-0.00666197 0.00520011 0.000441228 
0.000646529 -0.00174928 0.000919072 
-0.0330964 -1.3752e-005 -0.00455868 
-0.000862774 -0.00203591 -0.00331341 
-0.000793868 -0.00241719 -0.00357188 
-0.00757601 -0.000948091 -0.00140731 
0.010237 -0.0174656 -0.000529893 
